0000000000000000000100000
0001000000000000001000000
0010000000000000001100000
0011110000001001011000000
0100000000000000000000000
0101100000000000000000000
0110111111111111111100000
0111011111111111111100000
0111011111111111111100001
0110111111111111111100001
0101100000000000000000001
0100000000000000000000001
0011011011001010101100001
0010101001111001111000001
0001000000000000011100001
0000000000000000100000001
0000000000000000000100010
0100000000000000001000010
0001000000000000001100010
0101000000000000010000010
0010000000000000010100010
0110000000000000011000010
0011000000000000011100010
0111000000000000100000010
0100000000000000000000010
0101100000000000000000010
0110111111111111111100010
0111011111111111111100010
1000000000000010001001010
1001000000000010001001011
1010100000000010001001100
1100001111000000000110110
1100001001000001011010111
1100000110000100000111011
1100000011000000000011001
1100000001110011100111001
1100000001110011100111001
1100000001110011100111001
1100000001110011100111001
1100000001110011100111001
1100000001110011100111001
1100000001110011100111001
1100000001110011100111001
1100000001110011100111001
1100000001110011100111001
1100000001110011100111001
1100000001110011100111001
1100000001110011100111001
