0000000000000000000000001
1100000000000000000000000
1100000000000000000000000
0001000000000000000000001
1100000000000000000000000
1100000000000000000000000
1100000011000000000100001
1100000011000000000100010
1100000011000000000101010
0011111111110000000000001
0010111111111111111100010
1100000011000000000110101
1100000011000000000110110
0110000000000000000100001
0110000000000000001100010
0111011111111111111110101
0111000100100000000010110
1100001110000100000100011
1100001101000010001000100
1100000000000000000000000
1100000000000000000000000
1100001011000100010000101
1100001111000100010000110
1100000000000000000000000
1100000010000110010100111
1100000100001000001101000
1100001000000010001001001
0000000000000000011101010
0110111111111111111110101
0010000000000001001110110
1100001100000101010101011
1100000000000000000000000
1100000000000000000000000
1100000110010110010001100
1100000111010110010101101
1100000101000001011001110
1100000001010110010101111
1100000000000000000000000
1100000000000000000000000
1100000010001010111110000
1100000011000000101010001
1100000000000000000000000
1100000000000000000000000
1100001001100010111110010
1100001010010100111110011
1100001110001110010110100
0101111111111111111110101
1100000000000000000000000
1100000000000000000000000
0100111111111111101010101
1100000000000000000000000
1100000000000000000000000
0011000110100000000010101
1100000000000000000000000
1100000000000000000000000
0000001000110000000010101
1100000000000000000000000
1100000000000000000000000
1010110110101101010110111
1000010110101101010111000
1001110110101101010111001
1011010110101101010111010
1011110110101101010111011
0000000000000000000111111