00000000000000000000000000000000
00000000000000000000000000000000
00000000000000000000000000000000
00000000000000000000000000000000
7FFFFFFF800000006CABA79E00070008
00000000000000000000000000000000
40002000400020004000200040002000
00000000000000000000000000000000
00000000000000000009000A00020002
0000000000000000AC3DA79D00050009
00000000000000000000000000000000
00000000000000000000000000000000
00000000000000000000000000000000
00000000000000000000000000000000
00000000000000000000000000000000
00000000000000000000000000000000
00000000000000000000000000000000 
00000000000000000000000000000000
00000000000000000000000000000000
7FFFFFFFFFFFFFFFE51BC2B2FC99F6DB
7FFFFFFE800000000008092B0002FFF9
7FFFFFFF800000000005F6DF00030009
00000000000000000000000000000000
00000000000000000000000000000000
00000000000000000000000000000000
00000000000000000000000000000000
00000000000000000000000000000000
00000000000000000000000000000000
00000000000000000000000000000000
7FFFFFFF800000000007000500030001
7FFFFFFF800000006CABA79E00070008
7FFFFFFF80000000C096000300020001